Channel   Mean           Zero Crossing Rate  Range          Energy         RMS            Variance       
==========================================================================================
1         -0.001271      34                  0.054136       0.069205       0.011765       0.000137       
2         -0.000298      40                  0.066345       0.085361       0.013066       0.000171       
3         -0.001395      32                  0.058868       0.055290       0.010516       0.000109       
4         -0.001137      8                   0.040318       0.040415       0.008991       0.000080       
5         -0.000612      10                  0.030286       0.028569       0.007559       0.000057       
6         -0.000483      36                  0.036911       0.035388       0.008413       0.000071       
7         -0.001219      77                  0.092372       0.166797       0.018265       0.000332       
8         -0.002876      37                  0.060761       0.098899       0.014064       0.000190       
9         -0.002871      49                  0.145656       0.126896       0.015931       0.000246       
10        -0.000274      28                  0.039277       0.020885       0.006463       0.000042       
11        -0.000052      57                  0.030286       0.014987       0.005475       0.000030       
12        0.000536       80                  0.169127       0.386711       0.027810       0.000773       
13        -0.000391      47                  0.084611       0.134102       0.016377       0.000268       
14        -0.002086      30                  0.048836       0.073547       0.012128       0.000143       
15        -0.001736      18                  0.019970       0.009444       0.004346       0.000016       
16        -0.001203      31                  0.024891       0.015426       0.005554       0.000029       
17        -0.002394      28                  0.067480       0.107107       0.014636       0.000208       
18        -0.001941      12                  0.057354       0.077571       0.012456       0.000151       
19        -0.003133      18                  0.057164       0.092944       0.013634       0.000176       
