Channel   Mean           Zero Crossing Rate  Range          Energy         RMS            Variance       
==========================================================================================
1         -0.003385      13                  0.103699       0.290852       0.024119       0.000570       
2         0.001842       21                  0.171936       0.798978       0.039974       0.001595       
3         -0.000399      6                   0.062988       0.103069       0.014357       0.000206       
4         0.001409       6                   0.084076       0.185769       0.019275       0.000370       
5         0.002482       10                  0.123718       0.382443       0.027657       0.000759       
6         0.003184       10                  0.156250       0.746443       0.038638       0.001483       
7         -0.005074      5                   0.125794       0.608574       0.034888       0.001191       
8         -0.006182      19                  0.078217       0.187174       0.019348       0.000336       
9         -0.000953      24                  0.027649       0.017304       0.005883       0.000034       
10        -0.002685      3                   0.035675       0.069954       0.011828       0.000133       
11        0.000770       5                   0.089172       0.251940       0.022447       0.000503       
12        0.017601       4                   0.087555       0.403233       0.028398       0.000497       
13        -0.017895      1                   0.287476       4.414521       0.093963       0.008509       
14        -0.004522      4                   0.123077       0.694934       0.037281       0.001369       
15        0.002800       19                  0.039581       0.045883       0.009579       0.000084       
16        0.000375       7                   0.052033       0.091258       0.013510       0.000182       
17        0.003846       26                  0.105866       0.170796       0.018482       0.000327       
18        0.001775       17                  0.056915       0.092456       0.013598       0.000182       
19        0.001534       17                  0.056702       0.095886       0.013848       0.000189       
