Channel   Mean           Zero Crossing Rate  Range          Energy         RMS            Variance       
==========================================================================================
1         0.000088       30                  0.004242       0.000278       0.000746       0.000001       
2         0.000026       21                  0.003448       0.000188       0.000614       0.000000       
3         -0.000045      19                  0.013153       0.003398       0.002607       0.000007       
4         -0.000035      15                  0.007660       0.001121       0.001497       0.000002       
5         0.000004       16                  0.007019       0.001250       0.001581       0.000003       
6         0.000107       16                  0.007660       0.001412       0.001680       0.000003       
7         -0.000047      21                  0.012604       0.003329       0.002580       0.000007       
8         -0.000442      17                  0.021545       0.009385       0.004332       0.000019       
9         -0.000343      17                  0.023865       0.009990       0.004470       0.000020       
10        -0.000094      18                  0.019470       0.006019       0.003470       0.000012       
11        0.000112       12                  0.011536       0.003575       0.002674       0.000007       
12        -0.000236      17                  0.017975       0.006527       0.003613       0.000013       
13        -0.000311      10                  0.017120       0.007900       0.003975       0.000016       
14        -0.000198      18                  0.027191       0.014287       0.005345       0.000029       
15        -0.000185      14                  0.024658       0.010102       0.004495       0.000020       
16        0.000059       18                  0.016968       0.005519       0.003322       0.000011       
17        0.000044       8                   0.023376       0.013141       0.005127       0.000026       
18        -0.000084      21                  0.022125       0.009429       0.004342       0.000019       
19        0.000027       13                  0.023590       0.012061       0.004911       0.000024       
