Channel   Mean           Zero Crossing Rate  Range          Energy         RMS            Variance       
==========================================================================================
1         -0.000401      13                  0.105957       0.241188       0.021963       0.000482       
2         0.001203       8                   0.062500       0.143542       0.016944       0.000286       
3         -0.002041      13                  0.110016       0.352254       0.026543       0.000700       
4         -0.000436      8                   0.079254       0.117746       0.015346       0.000235       
5         0.000785       8                   0.027344       0.025016       0.007073       0.000049       
6         0.003410       6                   0.067383       0.179208       0.018932       0.000347       
7         0.001170       10                  0.062347       0.115047       0.015169       0.000229       
8         -0.002069      18                  0.089935       0.227038       0.021309       0.000450       
9         -0.001811      5                   0.113281       0.432609       0.029415       0.000862       
10        -0.001535      9                   0.076325       0.165431       0.018190       0.000329       
11        0.001358       10                  0.045532       0.064242       0.011335       0.000127       
12        -0.000584      14                  0.049255       0.067234       0.011596       0.000134       
13        -0.001107      18                  0.048981       0.086778       0.013174       0.000172       
14        -0.002829      6                   0.079529       0.223182       0.021127       0.000438       
15        -0.001077      5                   0.104309       0.402590       0.028376       0.000804       
16        -0.000237      10                  0.050018       0.067137       0.011588       0.000134       
17        -0.001370      10                  0.047058       0.081775       0.012789       0.000162       
18        -0.002770      6                   0.068939       0.177382       0.018835       0.000347       
19        -0.002275      10                  0.050018       0.104959       0.014489       0.000205       
